# Questao 4
x = [1.6; 5.17; 6; 13];
y = [2.9; 5.37; 8; 2];

V = [x.^2 x x.^0];
# V =
#      2.5600     1.6000     1.0000
#     26.7289     5.1700     1.0000
#     36.0000     6.0000     1.0000
#    169.0000    13.0000     1.0000

a = V\y;
# a =
#   -0.1443
#    2.0454
#   -0.1575

f = @(x) -0.1443 + 2.0454 * x + -0.1575 * x^2;
