# Questao 4
x = [0; 1; 2; 3; 4; 5];
y = [2.1; 7.7; 13.6; 27.2; 40.9; 61.1];

V = [x.^2 x x.^0]
# V =
#      2.5600     1.6000     1.0000
#     26.7289     5.1700     1.0000
#     36.0000     6.0000     1.0000
#    169.0000    13.0000     1.0000

a = V\y
# a =
#   -0.1443
#    2.0454
#   -0.1575

f = @(x) 1.8607 + 2.3593 * x + 2.4786 * x^2;
