A = [
    6   4   2   5   40;
  -18 -15  -5 -12 -111;
  -30 -14 -10 -24 -184;
   12  -1  15  43  227;
];

m21 = -(A(2,1) / A(1,1));
L2 = m21 * A(1,:) + A(2,:);

A(2,:) = L2

m31 = -(A(3,1) / A(1,1));
L3 = m31 * A(1,:) + A(3,:);

A(3,:) = L3

m32 = -(A(3,2) / A(2,2));
L32 = m32 * A(2,:) + A(3,:);

A(3,:) = L32

m41 = -(A(4,1) / A(1,1));
L41 = m41 * A(1,:) + A(4,:);

A(4,:) = L41

m42 = -(A(4,2) / A(2,2));
L42 = m42 * A(2,:) + A(4,:);

A(4,:) = L42

m43 = -(A(4,3) / A(3,3));
L43 = m43 * A(3,:) + A(4,:);

A(4,:) = L43
